i,j,w
104318,7946372941,3.667
104318,1596648671,58.759
104318,25509527,24.883000000000003
104319,7946378610,2.012
104319,2398924898,53.068000000000005
104320,10263444809,8.785
104320,20965803,11.143
104320,5475684758,34.431
104321,24951853,19.82
104321,24951854,54.048
104321,25632862,55.672
104322,7553887409,8.376
104322,25161368,17.057000000000002
104322,25161347,69.606
104322,25161345,30.528
104323,4167762776,4.524
104323,2612458244,83.366
104323,1237883773,26.226
107584,742399752,31.108
107584,251892950,14.924
107584,30056310,48.15
107585,6218501751,3.462
107585,251892754,35.134
107585,6218501740,30.377000000000002
107586,1312188768,15.178
107586,4726152857,13.243
107586,4726152850,12.478
107587,3381130090,9.215
107587,3381130092,16.889
107587,1678245252,16.99
107587,4688513237,9.582
107588,3715515059,14.304
107588,25070019,45.402
107588,25248115,28.898
107606,25475770,11.540000000000001
107606,4136137529,86.781
107606,1689605567,12.082
107606,109728,47.577
107614,1951242858,20.006
107614,1864047135,18.255000000000003
107626,8807410154,6.491
107626,1312454055,3.709
107626,259252667,34.048
107627,8807410158,8.197
107627,259252667,31.9
107627,25532377,29.701999999999998
107632,6458938017,6.555
107634,24950050,36.598
107634,25161362,30.164
107634,25161361,17.715
107637,5141625696,32.763999999999996
107637,5198585559,58.917
107638,5198585557,18.518
107638,25067324,29.626
107638,6369361794,54.562000000000005
107641,7926506531,7.199999999999999
107641,7926506525,8.404
107643,107644,82.63900000000001
107643,10311178960,3.772
107643,10311362153,8.098
107644,470729237,46.711
107644,1938819294,8.775
107646,4922952353,5.635
107646,1163955130,132.206
107646,1726730123,50.485
107646,7223709668,37.251999999999995
107667,4627445240,24.063
107667,10309472541,5.014
107668,10309153027,8.314
107668,1239549084,34.0
107681,21693793,39.385
107681,1726730375,35.138
107681,18397096,56.716
107681,1401870340,15.390999999999998
107684,25500535,20.728
107684,5342251136,29.907000000000004
107685,25503848,9.404
107685,1726730354,8.752
107685,25503841,40.315
107686,7613626070,1.524
107686,4530339699,14.034000000000002
107687,1163955130,2.627
107687,441958994,21.948
107687,20965803,21.147
107692,2294047375,5.878
107692,25496622,57.43199999999999
107692,1617647945,35.513999999999996
107693,7223695326,9.116
107693,25496622,9.269
107693,26374236,30.407
107693,5006063176,39.009
108389,1832248430,3.02
108389,6724775018,8.952
108389,1832248428,14.52
108391,25495697,37.04
108391,25495698,9.444
108391,25496624,29.999
108393,1938953433,39.996
108406,748797126,26.848000000000003
108409,390073160,12.643999999999998
108409,2331184935,150.494
108409,5973397966,32.471000000000004
108420,9030284973,22.634999999999998
108420,25477197,39.071
108838,2137096880,74.26700000000001
108838,2278320131,27.526999999999997
108838,10306423498,81.156
108842,2141364732,42.203
108842,1722621718,84.673
108842,2197518969,60.243
108844,109737,122.933
108844,473259748,66.857
108844,108845,72.412
108845,108844,72.412
108845,20626301,121.625
108845,1990694616,70.48199999999999
108845,5124166975,6.695
108871,5124166971,20.642
108871,2012970414,56.369
108871,4866475733,20.908
108903,245200970,22.017000000000003
109403,1938953406,58.52100000000001
109403,4571238069,12.96
109408,894485202,9.678
109408,470727954,19.032
109408,9197589238,62.07599999999999
109411,20626311,25.59
109411,20626315,36.789
109411,7572833353,64.647
109412,1536948474,13.49
109412,109734,19.143
109412,1536948578,3.76
109414,9030029183,3.919
109414,2961891,91.079
109414,6463234329,49.356
109416,25248128,6.685
109416,24950061,33.481
109416,2218344510,16.944
109728,5931509715,10.649
109728,25496920,57.251
109728,107606,47.577
109734,1852996954,28.710000000000004
109737,108844,122.933
109737,5104314264,19.247
109737,1536948431,46.629999999999995
109766,302013678,14.816
109780,25473199,42.537
109780,373402354,12.692
109780,316763559,79.375
109785,9514602151,2.775
109785,9514602150,4.275
109785,9514602153,4.738
109785,9514602152,3.928
109788,6166157035,19.026
109788,24662037,47.805
109935,595709482,46.689
109935,5471345385,82.077
109935,14672924,82.22800000000001
110141,25472789,39.052
110141,1723340842,32.388
110143,25472767,65.105
110143,4823246342,13.791999999999998
110143,25472800,48.21
110238,1787108649,11.283
110238,1787108648,13.457
110238,475396924,39.893
237908,5880186827,13.844
237908,3972566716,7.89
237908,2293833763,12.671
237908,7613626070,56.778
237911,4696545406,3.382
237911,4197401802,46.024
237911,4150883407,10.983
282708,4530012703,4.247
282719,25438732,21.044999999999998
282719,25499808,82.70899999999999
2961540,24950109,12.732
2961540,24950105,42.587999999999994
2961549,24950109,43.316
2961549,24950113,15.471
2961549,24660863,45.553
2961557,24950101,12.544
2961557,1939558651,49.431000000000004
2961557,2538458898,7.013999999999999
2961891,1312454086,5.928
2961891,109414,91.079
10572178,25503880,12.498
10572178,25470782,46.978
10572179,25503845,14.579
10572179,25503851,14.814
10572180,25471732,17.578
10572180,25503851,23.115000000000002
10572785,25496748,3.27
10572785,8972511963,4.753
10572786,8785568224,5.018
10607127,1366095189,8.383
10607127,8868824899,6.409
10607128,20460690,65.619
10607128,632447859,14.165
10607132,1723389067,42.513999999999996
10607132,6855696495,68.007
10607132,435104735,6.397
10607626,595709482,50.872
10607629,5470932252,12.119
10607629,5470932256,23.189
10676799,2496836303,69.595
10677374,1721713699,10.5
10677374,1721713677,16.502
10677374,21307200,46.888000000000005
10677374,2902624645,35.400999999999996
10677375,1684511955,9.879
10677375,8869464357,5.087
10677375,316763548,20.607
10677376,5473274959,6.878
10677376,18469132,87.722
10677376,1939558700,102.67600000000002
10677376,25248117,41.379999999999995
10677377,1401416203,21.093000000000004
10677377,25248117,36.33500000000001
14672924,1832248457,14.505
14672924,7203717550,11.013
14672924,109935,82.22800000000001
18393873,21307200,14.709
18393873,28800667,37.669
18393873,1717643537,46.436
18395287,18395288,40.596
18395288,18395287,40.596
18395288,25161370,19.701
18395288,8869435267,47.752
18395806,1777728708,22.543
18395806,10311178967,88.78099999999999
18395806,20626318,38.437
18395811,3664398009,7.853
18395811,10311178967,7.377
18395811,1725360097,10.791
18395811,1655418222,26.686
18397096,441958994,27.183
18397096,21693795,39.021
18397096,107681,56.716
18398282,8869472239,6.549
18398282,8869472263,9.519
18398282,20460684,10.616
18468951,9514602153,54.388
18468951,4922952363,3.387
18468951,1726730082,36.12
18468951,2466442741,32.607
18468953,9514602150,28.393
18468953,25161351,73.269
18468953,4922952370,29.341
18468953,5047029672,30.144999999999996
18468958,25161351,6.222
18468958,1938819335,30.001
18468961,1938819320,18.708
18468961,1938819325,14.183
18468962,2466442731,17.059
18468962,9024139144,24.326
18468962,4866651969,74.914
18469130,213670986,60.724000000000004
18469130,1312188714,48.660000000000004
18469132,18469130,42.991
20458277,1312188692,3.028
20458277,250326914,83.579
20460680,968499092,9.607
20460680,6978555522,19.716
20460680,1150003532,16.732
20460681,1326821569,20.585
20460681,20460686,29.061
20460684,2990732269,80.402
20460684,10577984012,4.089
20460684,18398282,10.616000000000001
20460686,10607128,27.028
20460687,5238528591,8.947
20460690,20460696,23.418
20460691,20460697,37.732
20460691,5060405441,29.482
20460696,20460697,24.220999999999997
20460696,2135411293,69.99199999999999
20460697,20460681,24.758
20625793,10544409948,4.793
20625793,5976760446,30.387
20625800,1561411396,38.696
20625800,710521820,38.798
20626282,3616299208,4.807
20626282,8675201272,13.673
20626282,1590088441,165.928
20626290,10306429319,79.207
20626290,2278320131,37.958
20626290,1590088441,135.555
20626301,4085778920,5.211
20626301,108845,121.625
20626301,7824747306,17.503
20626304,1990694616,55.865
20626304,3519324894,32.194
20626304,2941549929,21.950000000000003
20626306,20626307,52.007
20626306,25505685,110.37
20626306,3519324894,67.93
20626307,20626306,52.007
20626307,1536948474,79.465
20626307,5124166978,5.031
20626311,3796814729,8.629
20626311,109411,25.59
20626311,4866475733,53.566
20626312,4866475729,5.084
20626312,4866475730,5.351
20626312,7572522540,18.273
20626313,4866475729,66.565
20626314,7572833353,19.391
20626315,7572522511,29.718
20626315,4866475730,29.048
20626315,109411,36.789
20626316,7572522513,11.715
20626317,3796774902,3.924
20626317,5124166971,21.627
20626317,20626318,9.485
20626318,20626317,9.485
20626318,18395806,38.437
20626318,473262660,121.63900000000001
20965794,6369329166,23.877000000000002
20965794,8868824856,7.215999999999999
20965794,1215563904,17.506
20965797,1215563895,19.431
20965797,373364228,18.659
20965798,6369329170,32.052
20965799,104319,21.512
20965799,20965800,30.398000000000003
20965800,2398924877,4.685
20965800,20965798,12.217
20965801,2398924898,1.613
20965801,25500239,67.661
20965801,1609966653,42.644
20965803,10263444809,11.71
20965803,1771426174,30.271
20965803,107687,21.147
21307200,18393873,14.709
21307200,10677374,46.888000000000005
21307200,21990632,59.944
21392267,25524297,7.396
21392267,3328228994,1.114
21392267,4658088539,110.469
21392273,1707790076,21.254
21392273,3972566713,7.734
21392273,1955520890,46.113
21392276,2293833763,41.849
21392276,2343269909,32.912
21392276,6606135979,57.415
21392276,4156336278,11.987
21392279,21686578,49.828
21392279,6606135979,13.178
21392279,3972566714,46.162
21523714,6465896909,5.54
21523714,1678283247,15.988
21523714,4726152844,8.689
21523718,1014649631,3.28
21523718,4726152850,60.744
21523718,1787108626,42.642
21523719,5573991659,2.387
21563463,1617596669,21.757
21563463,1617596626,22.380000000000003
21563463,1617596693,65.428
21563479,1707790096,7.133
21563479,21563508,42.798
21563481,9949142599,50.737
21563481,1707790074,30.843000000000004
21563489,21563481,9.003
21563489,21563507,41.948
21563503,21563504,24.56
21563503,1617596669,15.023
21563504,21563503,24.56
21563504,762080105,6.054
21563504,21563507,30.958000000000002
21563507,21563508,22.281
21563507,21563489,41.948
21563507,21563504,30.958000000000002
21563507,762080077,9.884
21563508,21563507,22.281
21563508,4530270906,19.875
21563788,5907366887,32.748
21563788,6828921212,8.572
21563788,6828921211,55.219
21565570,25504150,7.621
21565570,25504755,26.406000000000002
21565570,1777727962,16.961
21565570,3664398009,28.039
21578454,8785568223,3.503
21578454,10572786,76.139
21578456,21578457,35.174
21578456,25495589,40.405
21578456,8785568223,84.96000000000001
21578457,21578456,35.174
21583342,25496777,65.36
21583366,1419565097,2.741
21583366,4017328647,3.606
21583366,25378129,16.654999999999998
21685483,1163955034,27.669
21685484,25500246,30.088
21685484,4370333637,21.024
21685484,4076095791,21.421
21685485,4370333637,25.881
21685485,4370333637,35.67400000000001
21685485,1236791504,74.822
21685497,25496847,26.449
21686572,4462683090,4.56
21686572,21686574,24.042
21686572,1360122841,112.888
21686574,4462680070,4.608
21686574,9203541612,20.847
21686574,21686572,24.042
21686578,21392279,49.828
21693787,25500239,10.086
21693793,107681,39.385
21693793,8868824844,62.788000000000004
21693793,1163955128,119.74799999999999
21693793,21693795,57.108000000000004
21693795,18397096,39.021
21693795,8868824855,7.495
21693795,21693793,57.108000000000004
21990614,3515286913,3.702
21990614,1493676622,6.005
21990614,2496836303,36.697
21990620,28728187,36.444
21990620,3197333544,45.324
21990622,21990623,77.954
21990622,2496836262,46.309
21990622,4556931604,5.873
21990623,3629223994,100.18799999999999
21990623,806373565,81.459
21990624,1779589718,18.097
21990624,250327100,16.752
21990625,2003007012,10.326
21990625,1787108626,79.83000000000001
21990627,7151566952,40.133
21990627,475396924,8.009
21990627,3093897990,125.09100000000001
21990628,21990632,44.763999999999996
21990628,213670986,75.42999999999999
21990628,21990629,39.324
21990628,1721713699,52.449000000000005
21990629,5565443389,6.547
21990629,250327547,68.537
21990629,21990628,39.324
21990630,5565443390,3.145
21990630,250327618,23.163
21990631,8869464378,3.427
21990631,5565443389,48.342
21990631,5042033643,13.129
21990632,1718566880,9.127
21990632,21990628,44.763999999999996
21990638,1938953431,32.971999999999994
21990638,1938953413,8.856
24658003,25066333,18.724
24658003,24950117,50.718
24658007,25161367,5.675
24658007,2334502396,37.696999999999996
24658010,24658007,28.467
24658010,18468953,57.327
24659709,24949783,57.781
24659709,7906964248,142.89600000000002
24659947,24949780,7.596
24659947,5473274866,52.785000000000004
24660697,5473273425,23.316
24660697,3061197976,35.532000000000004
24660863,9693920797,1.121
24660863,9693920796,3.94
24660863,24661273,49.717
24661273,2961540,9.918
24661273,24660863,49.717
24661419,24950111,50.753
24661419,25070019,40.954
24661966,24662037,44.04
24661966,8807410158,39.192
24661966,25544108,50.022000000000006
24662037,1418752689,5.74
24662037,109788,47.805
24662037,6446292562,40.898
24662037,24661966,44.040000000000006
24949776,8869435266,51.317
24949780,6948380395,23.895
24949780,24659947,7.596
24949780,5094718798,48.857
24949783,5473274969,35.54900000000001
24949783,24659709,57.781000000000006
24949783,5094718798,23.089
24950001,6948380401,84.834
24950050,5095547184,68.369
24950050,8807431546,56.832
24950061,25248129,1.029
24950061,25248115,50.13699999999999
24950064,24660697,19.896
24950064,24950065,33.356
24950065,5227220846,63.69199999999999
24950065,24950064,33.356
24950065,24951721,67.895
24950101,2961557,12.544
24950101,8807431560,7.322
24950101,24950102,24.901
24950102,24950105,12.561
24950102,5473274724,6.857
24950102,24950101,24.901
24950104,25248113,24.135
24950104,5473274724,36.036
24950105,24950102,12.561
24950105,2961540,42.587999999999994
24950105,8807431559,5.622999999999999
24950107,25248114,9.64
24950107,24661273,64.385
24950109,2961549,43.316
24950109,2961540,12.732
24950110,24950111,5.294
24950110,25248114,29.265
24950110,9693920797,54.806999999999995
24950111,24950110,5.294
24950111,24950112,30.951
24950112,24950064,74.451
24950112,25248126,6.22
24950112,24950111,30.951
24950113,8807431541,4.227
24950113,2961549,15.471
24950113,24950114,32.957
24950114,4867087535,24.128999999999998
24950114,24950113,32.957
24950115,25161362,18.846
24950115,25161363,14.587
24950115,8807431541,52.175
24950117,316763501,6.54
24950117,25161346,35.424
24951721,24950065,67.895
24951721,9030029183,62.407999999999994
24951853,4922952373,5.419
24951853,104321,19.82
24951853,7553887464,24.277
24951854,104321,54.048
24951854,28800671,49.068
24951854,5046314043,15.039
24952195,6985465124,4.309
24952195,3385356250,11.129999999999999
24952268,1493613087,75.433
24952268,6446269173,4.417
24952268,6166157035,26.42
25066333,24658003,18.724
25066333,1046334318,31.214
25066333,25161367,44.150999999999996
25066337,25161345,33.229
25066338,5087519104,20.696
25066338,25066412,9.87
25066338,25161349,59.161
25066412,25066338,9.87
25066419,5090420614,9.157
25066419,5090420611,18.546
25066419,8807429660,19.168
25066451,25066453,4.959
25066451,25161370,65.717
25066453,8438226815,57.004
25066453,25161369,26.26
25066457,2218340965,23.677
25066666,4866623230,43.746
25066666,25066687,32.467
25066666,4866552625,44.442
25066684,6967585842,158.994
25066687,25066666,32.467
25066687,25066694,42.435
25066694,25161353,27.601000000000003
25066784,25161352,27.277
25066784,25066694,18.716
25067068,25067264,64.417
25067068,25066784,40.926
25067264,25067265,14.872
25067264,25067298,18.575
25067265,25067266,46.565
25067266,6509584414,3.974
25067266,4866552622,5.798
25067298,25067264,18.575
25067305,2566132610,22.741
25067324,25161357,48.879000000000005
25067324,25067400,92.756
25067324,5141876996,32.22
25067397,25067398,43.939
25067397,6446304190,34.271
25067398,5141625621,48.718
25067398,6446301329,23.729999999999997
25067400,107637,25.539
25067461,5104314275,4.114
25067461,5104314270,9.281
25067461,5104314269,6.002
25067463,5104314275,11.809
25067463,25067727,29.523000000000003
25067463,25067473,73.229
25067473,25067479,34.698
25067473,5141625621,96.42200000000001
25067473,1951616322,31.424999999999997
25067473,25067463,73.229
25067479,25067473,34.698
25067479,25067727,6.185
25067479,25067636,47.236000000000004
25067636,25067479,47.236
25067636,25067670,41.089
25067636,25161361,36.05200000000001
25067670,25067728,12.337
25067670,5104314096,3.859
25067670,25067636,41.089
25067727,25067479,6.185
25067727,5104314096,25.336
25067727,25067463,29.523000000000003
25067727,1719529597,9.496
25067728,25067670,12.337
25067728,1569312412,25.6
25067728,5104314358,25.304
25067871,1569312412,3.953
25067871,6032044874,55.804
25067871,25067929,34.644999999999996
25067883,5141216790,3.239
25067883,5141216745,2.062
25067883,5141216787,26.989
25067914,6446292570,27.141999999999996
25067914,25067920,63.388999999999996
25067914,6032044857,10.21
25067920,25067914,63.389
25067929,6032044857,17.495
25067929,25067871,34.645
25067929,5141216746,29.174
25067936,5141216782,1.701
25067936,5141216746,7.768
25067936,5141216787,12.821
25068755,25248117,16.366
25068755,2642857199,23.903
25068755,25068862,53.123000000000005
25068862,25068755,53.123000000000005
25068862,25248118,53.838
25069071,25248119,28.064
25069197,4688513226,35.226
25069265,4688513227,9.978
25069911,2538458899,28.208
25069911,25070019,26.848
25069911,2538458887,28.331999999999997
25070019,107588,45.402
25070019,2538458889,32.661
25070019,25069911,26.848
25070019,24661419,40.954
25070924,1497452184,21.123
25070924,25248127,48.247
25070924,25071133,16.051
25070924,25071136,26.137999999999998
25071133,25070924,16.051
25071133,25248130,40.978
25071133,25248126,73.039
25071133,25071137,30.371000000000002
25071136,25071145,13.13
25071136,25070924,26.137999999999998
25071136,25071137,11.764999999999999
25071137,25071133,30.371000000000002
25071137,1211381855,63.34700000000001
25071137,25071136,11.765
25071139,25071142,21.417
25071139,25248124,34.821000000000005
25071139,25071145,30.208000000000002
25071142,25071139,21.417
25071142,25248123,40.389
25071142,4688513221,30.273
25071145,25071136,13.13
25071145,25071139,30.208
25071145,2793874587,12.548000000000002
25151180,1832129958,8.34
25151180,529722111,27.514000000000003
25151180,8975700260,76.91199999999999
25161345,316763501,25.241
25161345,104322,30.528
25161345,25066337,33.229
25161346,4922952372,5.371
25161346,7553887464,30.742
25161346,24950117,35.424
25161347,5087519104,8.303
25161347,5090420940,42.56
25161347,104322,69.606
25161347,2387194127,44.71900000000001
25161348,8807429660,9.088000000000001
25161348,1401926435,60.433
25161348,2387226309,61.053000000000004
25161349,24658003,14.563
25161349,25066338,59.161
25161350,24658010,39.037
25161350,8807429662,38.504
25161351,18468958,6.222
25161351,18468953,73.269
25161351,7926506525,37.635999999999996
25161352,25066784,27.277
25161352,25161353,33.214
25161352,1938819320,5.428999999999999
25161353,25161365,25.564
25161353,25161352,33.214
25161356,25161357,74.763
25161356,2566132611,25.786
25161356,950703626,50.364
25161356,4085778919,27.43
25161357,25161356,74.763
25161357,6369361794,39.248
25161357,25067068,74.59799999999998
25161360,1951616322,27.536
25161360,7906964248,5.858
25161360,25161361,46.965
25161361,25067636,36.05200000000001
25161361,107634,17.715
25161361,25161360,46.965
25161362,24950115,18.846
25161362,5141216790,43.08
25161362,107634,30.164
25161363,5141354331,18.056
25161363,24950115,14.587
25161363,5141216782,39.783
25161365,4866623230,10.393
25161365,4866623226,10.065
25161365,25161353,25.564
25161367,25161349,10.501
25161367,25066333,44.150999999999996
25161368,7553887392,54.965
25161368,104322,17.057000000000002
25161369,25066453,26.26
25161369,8869435281,63.071
25161369,8869435286,58.035
25161370,1717643537,27.7
25161370,18395288,19.701
25161370,25066451,65.717
25161371,28800667,19.01
25161371,1717650794,59.245000000000005
25161371,1684511955,42.978
25161373,6967585840,21.066
25161373,4085778919,8.268
25161373,6967585841,17.219
25161373,7824747295,20.024
25161375,7911231384,11.362
25161375,4085783105,9.124
25161375,5141228834,21.625
25161375,10543014386,36.685
25248112,2538458887,7.643
25248112,3715515059,9.23
25248112,2218344503,34.331
25248113,2538458899,3.062
25248113,24950107,17.814
25248114,2538458889,5.427
25248114,24950110,29.265
25248114,24950107,9.64
25248115,2218344510,6.296
25248115,107588,28.898
25248115,24950061,50.137
25248117,25068755,16.366
25248117,10677376,41.379999999999995
25248117,10677377,36.33500000000001
25248118,10677377,31.837
25248119,25069071,28.064
25248119,25248127,18.127
25248119,4688513218,22.597
25248120,4688513227,6.094
25248120,4688513221,5.45
25248120,25248122,17.605
25248120,4688513218,15.626000000000001
25248122,4688513226,6.457
25248122,25248120,17.605
25248122,3381130090,21.239
25248123,25071142,40.389
25248123,30056277,14.476
25248123,4688513237,35.112
25248124,25248125,26.485
25248124,30056277,14.829
25248124,25071139,34.821
25248125,1211381855,9.195
25248125,25248124,26.485
25248125,1566269741,49.242000000000004
25248126,24951721,25.692
25248126,24950112,6.22
25248126,25071133,73.03900000000002
25248127,25070924,48.247
25248127,1497452171,16.802
25248127,25248119,18.127
25248128,109416,6.685
25248128,1497452171,12.643
25248128,25068862,37.543
25248129,25248130,13.842
25248129,1497452184,20.209
25248130,24661419,11.34
25248130,25071133,40.978
25265077,2059790748,7.971
25265077,4166634955,14.465
25265080,10306429312,6.087
25265080,4166634962,31.13
25378129,4017328647,18.78
25378129,270112540,72.009
25438595,25438638,25.859
25438595,25438732,19.286
25438638,25438595,25.859
25438732,25438595,19.286
25438732,282719,21.044999999999998
25438732,3578315455,110.558
25470782,25503869,13.0
25470782,10572178,46.978
25470782,25504129,16.292
25470928,1678452789,21.547
25470928,1678452790,81.372
25470928,25504144,62.399
25471090,2036181339,7.808
25471090,3586606039,46.479
25471135,7792756414,9.937
25471135,25471263,74.449
25471263,1309180608,34.178
25471263,25471135,74.449
25471263,25471090,38.943
25471274,7447637305,20.02
25471274,25632854,9.367
25471274,7447565849,15.266
25471289,10607132,93.599
25471289,3691462888,6.819
25471289,7447637305,34.574
25471681,10572179,37.765
25471681,25503856,39.001
25471732,25471740,34.628
25471732,25503862,37.885999999999996
25471732,10572180,17.578
25471740,25503863,48.214
25471740,25471732,34.628
25471740,748885408,26.565
25472215,2036185421,3.849
25472324,1617647944,37.185
25472324,321255907,12.133
25472324,2294047355,12.471
25472379,4675821921,5.003
25472379,762080111,2.079
25472428,4675821944,51.937
25472428,6483733493,2.326
25472428,25472890,32.879
25472545,1617596606,52.551
25472545,1617596626,81.027
25472545,25473048,28.733
25472767,25472771,51.229
25472767,6374802571,50.601
25472767,110143,65.105
25472771,25472767,51.229
25472771,25472789,77.72099999999999
25472771,2940401398,64.20700000000001
25472789,110141,39.052
25472789,25472771,77.72099999999999
25472800,2940401398,5.444
25472800,1954751920,27.586000000000002
25472800,110143,48.21
25472885,4948630427,30.037999999999997
25472885,5733997919,158.14599999999996
25472885,1684781470,40.377
25472890,4675822095,16.098
25472890,25472428,32.879
25473004,1617532091,43.48
25473004,4665353662,25.391
25473004,1617647896,77.506
25473004,4665353644,50.15
25473048,25472545,28.733
25473048,25472379,37.858000000000004
25473199,1311962080,14.233
25473199,109780,42.537
25473199,25632865,55.976
25473200,1311962080,10.154
25473200,25632864,56.533
25473200,25473205,38.746
25473202,875789647,23.92
25473202,5067002855,57.562
25473204,1759454104,32.745
25473204,25473205,1.57
25473204,1401893666,27.55
25473205,25473204,1.57
25473205,25473200,38.745999999999995
25473205,25632855,61.81
25473207,1759454104,37.423
25473207,1366095187,23.724
25473207,6871422361,11.489
25473279,4136124526,7.709
25473279,25473281,39.251000000000005
25473281,8497605091,22.813
25473281,25473279,39.251000000000005
25473281,796809545,48.524
25474005,585201189,81.538
25474005,25474015,20.368000000000002
25474015,25474005,20.368000000000002
25474015,1547657140,38.787000000000006
25474019,5976760444,7.568
25474019,5976760446,4.459
25474019,2528484782,25.912
25475053,25497603,45.292
25475053,9694091983,20.633
25475072,25496910,23.319000000000003
25475072,585180151,12.85
25475182,762080190,16.277
25475182,1617596693,30.322000000000003
25475182,1617596714,38.398
25475328,25475417,37.194
25475328,283062189,39.51
25475328,9683686963,14.294
25475330,25475331,41.529
25475330,762080190,3.784
25475330,762080145,3.637
25475331,8785484306,7.4750000000000005
25475331,25475330,41.529
25475331,1617647945,15.125
25475331,1617596714,19.811
25475332,762080145,16.659
25475332,1617647934,55.953
25475417,9135845216,2.384
25475417,690295042,45.875
25475417,25475328,37.194
25475419,283061836,11.639
25475419,675734613,20.502
25475419,9690878337,35.365
25475550,25475561,3.9610000000000003
25475550,690295042,68.569
25475550,9699961628,54.032
25475561,9690878337,4.809
25475561,6266867114,30.052
25475561,25475550,3.9610000000000003
25475597,9690878337,69.298
25475661,9699961628,5.84
25475661,6266867114,29.871
25475663,9690915267,2.014
25475663,4715263998,35.574999999999996
25475664,5816744255,49.197
25475674,9576827482,0.966
25475674,1736685635,29.164
25475678,6696695781,18.506
25475678,10579930792,29.744999999999997
25475688,25499095,12.434
25475688,2135411297,45.145
25475688,1736685635,51.542
25475690,25475691,21.88
25475690,25499095,9.338
25475690,25475693,77.229
25475691,25475690,21.88
25475691,25632680,46.358
25475691,25475692,72.177
25475692,25475691,72.177
25475692,25475693,24.962
25475692,25475694,21.726000000000003
25475693,4298970384,8.508
25475693,25475690,77.22900000000001
25475693,25475692,24.962
25475693,25499093,13.636
25475694,435104728,5.255
25475694,355416921,26.240999999999996
25475694,25475692,21.726
25475712,8064065315,19.14
25475752,25475754,31.242
25475752,6272993491,46.983000000000004
25475752,6239229423,34.344
25475754,1493229962,14.341
25475754,25497872,47.53
25475754,25475752,31.242
25475770,1689605567,10.173
25475770,107606,11.540000000000001
25475770,28418921,22.939999999999998
25476134,5931509715,18.79
25476134,5580861156,40.815
25476134,4920098349,58.462999999999994
25477106,28728208,16.206
25477106,5565466183,38.135000000000005
25477149,306439304,16.547
25477149,25477150,48.824000000000005
25477149,3870640530,154.83499999999995
25477150,306439310,11.671
25477150,1312188614,38.82
25477154,306439338,16.574
25477154,25477149,95.45799999999998
25477154,3741078112,32.68
25477156,2402557839,54.765
25477156,306439329,8.834
25477156,25477154,95.99
25477197,2402557839,6.66
25477197,4749090120,56.989999999999995
25477224,3809870288,23.076
25477228,3735886877,8.223
25477228,109766,68.677
25477228,25477301,20.478
25477301,2935373159,14.326
25477301,25477228,20.478
25477301,347541973,103.95700000000001
25477333,25477335,62.239999999999995
25477335,25477333,62.239999999999995
25477335,249558409,19.744999999999997
25477335,25477339,23.137
25477339,302013666,48.483999999999995
25477339,25477335,23.137
25477339,57786953,8.217
25477371,5257738387,3.464
25477371,9080098299,36.499
25477371,3673602988,64.598
25477858,3661703766,2.753
25477858,819157946,7.527
25495542,1832129783,6.641
25495542,1832052008,2.984
25495542,1832227968,56.625
25495589,21578456,40.405
25495589,5006063174,48.14
25495589,8785567909,45.891
25495617,350437608,18.056
25495617,8645592521,77.894
25495617,25495618,14.939
25495618,25495617,14.939
25495618,25495769,7.574
25495618,10543800252,4.953
25495618,8645592520,83.409
25495639,8645592520,15.87
25495639,1816038214,43.846000000000004
25495639,5014591895,44.729
25495640,25495858,4.569
25495640,8645592521,8.611
25495640,1953202903,42.065
25495646,25495648,18.339
25495646,6279388821,40.352
25495648,25495646,18.339
25495648,1816038199,51.633
25495648,5014591895,20.801000000000002
25495697,1816038230,38.173
25495697,108391,37.04
25495697,25495854,65.73400000000001
25495698,108391,9.444
25495698,25496624,30.726
25495698,5736692334,61.969
25495769,25495618,7.574
25495769,323260106,45.345
25495769,321255925,50.7
25495807,343669798,12.674
25495807,6279388824,44.343
25495807,350628804,41.508
25495819,25495858,38.054
25495819,1834657469,29.343
25495819,350628799,23.229
25495820,6354294763,4.704000000000001
25495820,350437528,50.586
25495820,6354294779,10.952
25495822,4275394254,2.468
25495822,350437528,3.206
25495822,350377999,41.897
25495838,4275394254,31.543999999999997
25495838,25495852,38.721
25495838,25495857,31.581
25495852,25495838,38.721
25495852,25496100,35.058
25495852,4275398716,22.409
25495854,25495697,65.734
25495854,25496100,39.503
25495854,25496623,104.684
25495857,269550332,11.695
25495857,25495838,31.581
25495857,4689775161,18.266
25495858,25495819,38.054
25495858,25495640,4.569
25495858,4275398720,75.16799999999999
25496100,25495852,35.058
25496100,25495854,39.503
25496100,759123955,16.495
25496617,269550896,18.274
25496617,4689775161,34.241
25496617,269550684,21.073999999999998
25496622,107693,9.269
25496622,26374236,38.54
25496622,107692,57.432
25496623,323262310,20.733
25496623,25495854,104.684
25496623,7223695325,23.704
25496624,5736692333,58.26
25496624,108391,29.999
25496624,25495698,30.726
25496748,21583342,21.094
25496750,8972511963,43.962
25496750,1816038195,43.148
25496773,7279228683,11.744
25496773,25496750,51.912
25496777,8972511964,3.64
25496777,663363473,22.123
25496781,25496783,114.25199999999998
25496781,2453947049,109.48100000000001
25496783,25496781,114.252
25496783,8972441125,67.86999999999999
25496783,1985084135,32.712
25496785,8972441125,3.599
25496785,1958800795,21.143
25496787,1985084135,15.782
25496787,25496788,31.99
25496787,25496825,58.24700000000001
25496788,25496787,31.99
25496788,25496781,22.171
25496788,25496800,91.994
25496800,5014591889,19.773
25496800,25496788,91.994
25496800,1816038214,29.025
25496815,8972441579,3.661
25496815,5265830862,19.428
25496817,8972441126,92.394
25496817,321255925,71.321
25496817,8972441579,60.35
25496825,5060391418,19.683
25496825,323260106,42.005
25496825,25496787,58.247
25496837,2576893629,82.40899999999999
25496847,1832129778,11.848
25496847,21685497,26.448999999999998
25496847,25496850,63.925
25496850,25497595,134.79899999999998
25496850,25496847,63.925
25496850,25496851,31.454
25496851,595709975,76.342
25496854,1599652497,62.131
25496854,4730978983,44.286
25496857,5470932256,36.399
25496857,9804471701,49.926
25496910,1312471202,42.924
25496920,4920098344,4.746
25496920,109728,57.251
25496920,4920098349,32.958999999999996
25497340,1938953437,2.251
25497595,4158000323,46.678
25497595,3257317059,32.557
25497595,25496850,134.799
25497595,4142725554,21.531
25497603,1547657140,16.765
25497603,1547392771,53.55800000000001
25497611,20965797,60.745000000000005
25497619,1493229962,53.722
25497619,9693963688,6.8069999999999995
25497619,7075087299,38.003
25497845,20460690,34.814
25497845,6239229423,52.194
25497872,25475754,47.53
25497872,6506796188,26.274
25497968,25632678,7.793
25497968,2480657190,19.983000000000004
25497968,25497970,26.16
25497970,25497990,45.253
25497970,5060405444,62.205
25497970,25497968,26.159999999999997
25497978,2118622487,31.53
25497978,25497979,11.257
25497978,2755124815,6.57
25497979,25497978,11.257
25497979,1141487723,61.213
25497979,256766536,26.61
25497981,1150003329,4.574
25497981,3739049327,34.572
25497981,1150003563,67.509
25497985,5733998228,0.695
25497985,1686463471,54.887
25497985,5609643647,13.824000000000002
25497986,6374802555,36.705
25497986,25497990,126.92999999999999
25497986,5733998228,138.388
25497990,25497970,45.253
25497990,1723388925,111.67399999999999
25497990,25497986,126.92999999999999
25497997,390073175,12.891
25497997,5006916678,21.65
25497997,3725817386,170.729
25498004,3247589698,79.817
25498004,1686463794,25.577
25498004,1685281260,23.585
25498010,1685281017,2.014
25498010,1685281006,21.893
25498010,1685281010,5.822
25498015,250550447,8.501
25498015,8898783674,28.629
25498015,1169109485,26.484
25498016,6569580040,2.323
25498016,390073208,70.339
25498016,2531863977,49.262
25498018,3247589708,88.012
25498018,6374802582,11.77
25498018,6374804385,44.602000000000004
25498021,2135389151,32.618
25498021,1723388988,32.866
25498021,6374802559,220.24099999999999
25498026,7792756713,8.741
25498026,7792756543,60.089
25498026,3247589712,166.923
25498458,21578454,21.528
25499093,9820538021,24.814
25499093,9820538027,76.534
25499093,9820538022,10.258
25499093,25475693,13.636
25499095,9820538027,3.904
25499095,25475688,12.434
25499095,25475690,9.338
25499655,5711517565,13.872
25499655,6696695781,57.433
25499808,282719,82.70899999999999
25499808,5973397966,35.269
25500239,21693787,10.086
25500239,20965801,67.661
25500239,25500246,74.87100000000001
25500246,4378043682,14.502
25500246,21685484,30.088
25500246,25500239,74.87100000000001
25500427,8868824844,9.568
25500427,20965799,2.497
25500535,107684,20.728
25500535,1726730307,6.139
25500535,25577057,18.708000000000002
25503841,1726730303,4.633
25503841,107685,40.315
25503841,4329502449,31.342000000000002
25503845,10572179,14.579
25503845,1726730329,23.847
25503845,25503863,44.68299999999999
25503848,107685,9.404
25503848,1726730329,6.609
25503848,4530339698,24.924
25503851,10572179,14.814
25503851,10572180,23.115000000000002
25503851,25503856,29.091
25503856,956233216,22.601
25503856,25503851,29.091
25503856,25471681,39.001
25503860,490946748,43.413
25503860,25503865,75.03800000000001
25503860,4240028580,22.472
25503862,4240028580,12.246
25503862,748885408,15.572000000000001
25503862,25471732,37.886
25503863,25471740,48.214
25503863,25503845,44.68299999999999
25503863,1707790076,59.888999999999996
25503865,4643337012,14.818
25503865,490947077,31.953
25503865,25503860,75.038
25503867,4643337012,21.799
25503867,25503869,22.485
25503867,25503873,57.051
25503869,25503867,22.485
25503869,25470782,13.0
25503869,25503876,48.983000000000004
25503873,25503867,57.051
25503873,956233215,36.198
25503876,25503873,34.119
25503876,25503869,48.983000000000004
25503880,25503876,4.11
25503880,25503885,12.002
25503885,1726730281,54.617
25504128,1678452789,32.957
25504128,25504134,37.495
25504128,10310609887,25.926000000000002
25504129,25470782,16.292
25504129,10309472541,48.808
25504129,25504134,12.18
25504134,2005131543,16.514
25504134,25504129,12.18
25504134,25504128,37.495
25504143,1726730162,5.961
25504143,1726730165,11.862
25504143,25577057,40.259
25504144,1678452793,23.619
25504144,5114681230,19.699
25504144,25470928,62.399
25504145,25504148,7.731
25504145,25504146,7.873
25504145,1678452790,44.221
25504145,25504150,21.231
25504146,25504145,7.873
25504148,25504145,7.731
25504149,1777727945,9.632
25504149,1707790044,7.038
25504149,1793420660,15.143999999999998
25504150,1777727947,9.348
25504150,21565570,7.621
25504150,25504145,21.231
25504753,10539712058,21.092
25504753,4627491645,2.502
25504753,10539856459,25.092000000000002
25504755,21565570,26.406000000000002
25504755,8807441179,32.504999999999995
25504755,25504770,24.733
25504756,8807441177,35.626
25504756,1707790029,58.419
25504756,25504763,40.394
25504763,8807441178,32.138
25504763,25504770,25.89
25504763,25504756,40.394
25504770,25504763,25.89
25504770,7223709667,80.95
25504770,25504755,24.733
25505585,25505679,65.026
25505606,25505634,34.775
25505607,25505679,9.17
25505607,25505629,67.368
25505629,9611081868,6.023
25505629,3704225378,34.888
25505634,25505685,28.089
25505634,25505606,34.775
25505662,25505607,150.347
25505662,1828402763,26.576999999999998
25505679,25505585,65.026
25505679,25505607,9.17
25505679,9988193967,6.414
25505685,2504822135,53.232
25505685,20626306,110.37
25509513,6606135968,27.318999999999996
25509513,10241310755,50.116
25509526,2343269909,35.745000000000005
25509526,8785484288,62.581999999999994
25509527,5516594509,26.011999999999997
25509527,25509533,8.572
25509527,104318,24.883
25509528,1401849810,65.012
25509528,1832129776,80.07900000000001
25509528,6606135968,55.016999999999996
25509533,894485202,53.324
25509533,25509527,8.572
25509533,1401849810,21.631999999999998
25509534,5516594509,44.108000000000004
25524297,21392267,7.396
25524297,4367041962,27.207
25524297,1707790024,54.962
25532273,3385387607,27.576999999999998
25532332,2961891,49.588
25532332,5223919938,12.402000000000001
25532377,5473273363,7.406
25532377,5473273373,12.425
25532384,5238587994,2.925
25532384,1951616319,12.655
25532464,8807410152,7.269
25532464,1547013589,49.046
25532464,1312454055,27.862000000000002
25532494,1547013705,66.118
25532494,1547013589,47.775000000000006
25532542,1556097177,51.79
25532542,6446256190,47.318
25532542,2454119184,52.813
25544108,109788,61.04
25544108,1493613087,44.507000000000005
25544108,24661966,50.022
25544110,5340811717,1.99
25544110,1401459403,15.155000000000001
25577057,1726730272,8.985
25577057,5342251151,8.177
25577057,25500535,18.708000000000002
25577057,25504143,40.259
25632678,25497968,7.793
25632678,25632680,79.338
25632680,25475691,46.358
25632680,2135411294,48.056
25632683,5711517565,66.889
25632683,25632684,81.296
25632684,108409,19.304000000000002
25632854,25471274,9.367
25632854,5306194265,120.82400000000001
25632854,2836220819,96.707
25632855,316763595,43.123
25632855,25473205,61.81
25632859,25632860,55.217
25632859,316763584,23.186
25632859,316763584,62.774
25632859,316763586,7.476
25632860,25632859,55.217
25632860,373402354,87.27
25632860,5046314043,10.294
25632862,5046627553,27.855000000000004
25632862,1771426174,67.51
25632862,104321,55.672
25632864,25632865,6.008
25632864,25632855,58.734
25632865,25473199,55.976
25632865,316763600,31.72
25632865,25632864,6.008
25632870,1150003247,7.298
25632870,372050299,73.047
25632870,8784212017,8.506
25634199,5306194265,7.488
25634199,390073160,24.143
25634199,2632486644,72.70200000000001
26374229,3265436260,183.92700000000002
26374230,761830989,19.954
26374230,9566848716,28.606
26374230,26374231,10.649000000000001
26374231,26374232,35.023
26374231,761831004,12.665
26374231,761830987,28.961
26374231,26374230,10.649000000000001
26374232,26374231,35.023
26374232,270110054,33.486000000000004
26374232,751837591,37.986000000000004
26374236,7271474852,16.921999999999997
26374236,25496622,38.540000000000006
26374236,107693,30.407000000000004
26374237,7271474841,12.449
26374237,7271474852,7.748
26374237,7271474843,37.202999999999996
27331469,28418929,74.947
27331469,7644741345,48.434
27331469,4223357836,49.0
27458331,27481039,15.754999999999999
27458331,367121266,35.299
27458353,692162559,47.09
27458353,5342236740,13.898
27459116,2935392676,23.759
27459120,6995618979,11.548
27459120,27459116,23.493000000000002
27459165,2914561272,12.27
27459165,28418580,59.221999999999994
27459198,27460210,21.854
27459729,3247933381,3.318
27459729,6288147786,39.741
27459729,4430996028,50.775999999999996
27459830,843376594,5.812
27459830,27460198,14.652000000000001
27459905,28418877,20.406
27459905,28418859,43.04
27459970,5165786245,13.487
27459970,1043001422,81.08900000000001
27459970,2934288510,11.06
27459970,6218501758,47.181000000000004
27459971,2934288518,5.104
27459971,5165786242,36.618
27460198,2870261844,7.723
27460198,6995618971,16.825000000000003
27460210,472493763,54.319
27460226,3708234956,1.424
27460226,3708234957,28.905
27460226,251892523,10.416
27460250,27460210,52.11500000000001
27460250,27331469,89.08899999999998
27460439,3632577084,43.388
27460439,1233350848,25.299
27460439,6265654111,39.677
27480956,3081980920,31.19
27480957,347542743,12.434
27480957,302013674,37.056
27480958,27480960,53.969
27480960,670103313,62.124
27480960,9678821156,12.375
27480960,9678821156,13.126
27481039,27458331,15.754999999999999
27481039,27481040,15.407
27481039,1566270021,10.838
27481040,1566269741,23.67
27481040,27481039,15.407
27481040,27481041,20.426000000000002
27481041,27481040,20.426000000000002
27481041,5768339816,16.115
27481041,692162527,11.557
27481041,692162514,19.607
27481044,692162559,7.867
27481044,1566270409,9.744
27481044,30057965,26.423000000000002
28193265,3170676207,12.442
28193265,3197333544,43.924
28193265,3170676206,56.558
28418138,4344245894,5.203
